          1          0          0
          2          1          1
          3          4          5
          4          7          9
          5         10         14
          6         16         23
          7         21         31
          8         28         41
          9         36         54
         10         45         69
         11         54         81
         12         66         99
         13         78        117
         14         90        133
         15        102        155
         16        119        181
         17        134        195
         18        149        223
         19        168        256
         20        186        289
         21        206        317
         22        226        343
         23        245        365
         24        268        414
         25        287        438
         26        316        486
         27        344        526
         28        369        563
         29        399        619
         30        423        652
         31        451        697
         32        486        769
         33        516        795
         34        539        841
         35        575        888
         36        617        939
         37        644        991
         38        684       1040
         39        720       1119
         40        759       1169
         41        796       1214
         42        837       1301
         43        881       1345
         44        921       1425
         45        961       1462
         46       1006       1569
         47       1047       1628
         48       1097       1672
         49       1147       1760
         50       1191       1822
         51       1240       1912
         52       1295       1989
         53       1329       2039
         54       1392       2127
         55       1445       2220
         56       1506       2313
         57       1561       2392
         58       1621       2469
         59       1668       2567
         60       1728       2625
         61       1795       2772
         62       1848       2853
         63       1908       2921
         64       1958       2978
         65       2031       3136
         66       2087       3237
         67       2155       3289
         68       2241       3467
         69       2287       3513
         70       2380       3647
         71       2432       3738
         72       2497       3839
         73       2559       3888
         74       2646       4027
         75       2713       4113
         76       2789       4230
         77       2854       4377
         78       2957       4505
         79       3008       4599
         80       3104       4762
         81       3166       4841
         82       3253       5040
         83       3327       5134
         84       3399       5232
         85       3509       5382
         86       3587       5523
         87       3685       5649
         88       3755       5754
         89       3829       5808
         90       3934       5960
         91       4002       6141
         92       4118       6333
         93       4189       6363
         94       4286       6556
         95       4359       6706
         96       4472       6882
         97       4572       6904
         98       4670       7161
         99       4750       7258
        100       4842       7350
        101       4960       7542
        102       5034       7709
        103       5172       7829
        104       5239       8009
        105       5356       8261
        106       5464       8267
        107       5573       8469
        108       5686       8730
        109       5771       8875
        110       5878       8989
        111       5988       9154
        112       6087       9354
        113       6246       9569
        114       6324       9663
        115       6406       9907
        116       6527      10000
        117       6668      10134
        118       6765      10378
        119       6895      10599
        120       7002      10756
        121       7159      10940
        122       7273      11019
        123       7385      11357
        124       7457      11340
        125       7572      11638
        126       7745      11827
        127       7860      12007
        128       7967      12094
        129       8136      12305
        130       8237      12607
        131       8383      12677
        132       8499      12966
        133       8652      13186
        134       8760      13536
        135       8919      13595
        136       9011      13860
        137       9142      13994
        138       9301      14233
        139       9441      14329
        140       9603      14560
        141       9766      14841
        142       9878      14967
        143      10015      15246
        144      10090      15274
        145      10285      15589
        146      10425      15884
        147      10536      15996
        148      10735      16403
        149      10865      16728
        150      10988      16692
        151      11164      16819
        152      11314      17114
        153      11495      17592
        154      11595      17547
        155      11729      17878
        156      11951      18120
        157      12046      18350
        158      12259      18732
        159      12383      18941
        160      12530      19119
        161      12673      19154
        162      12860      19474
        163      13026      19892
        164      13162      19937
        165      13280      20095
        166      13521      20521
        167      13678      20940
        168      13801      21194
        169      14016      21435
        170      14182      21456
        171      14380      21865
        172      14471      22097
        173      14700      22432
        174      14838      22456
        175      14997      22737
        176      15250      23070
        177      15338      23361
        178      15573      23760
        179      15713      24277
        180      15887      24061
        181      16055      24445
        182      16249      24684
        183      16435      24763
        184      16618      25249
        185      16845      25598
        186      16998      25952
        187      17185      26330
        188      17332      26463
        189      17531      26485
        190      17738      26842
        191      17887      27234
        192      18051      27272
        193      18275      27893
        194      18463      28144
        195      18664      28459
        196      18872      28934
        197      19058      28805
        198      19255      29253
        199      19441      29610
        200      19667      29966
        201      19839      30128
        202      19991      30305
        203      20261      30649
        204      20459      30582
        205      20588      31201
        206      20863      31646
        207      21088      32066
        208      21259      32424
        209      21440      32598
        210      21633      32905
        211      21860      33164
        212      22056      33470
        213      22255      33637
        214      22570      34151
        215      22788      34882
        216      22889      34706
        217      23123      35203
        218      23370      35598
        219      23621      35884
        220      23800      36238
        221      23979      36496
        222      24220      36695
        223      24475      37072
        224      24735      37471
        225      24933      37621
        226      25114      38006
        227      25332      38721
        228      25606      39101
        229      25830      39139
        230      26018      39465
        231      26307      40009
        232      26520      40088
        233      26685      40674
        234      26886      40430
        235      27195      41294
        236      27403      41696
        237      27666      42256
        238      27855      42431
        239      28123      42883
        240      28319      43197
        241      28593      43272
        242      28857      43731
        243      29056      44135
        244      29348      44260
        245      29577      44761
        246      29829      45437
        247      30034      45657
        248      30333      45926
        249      30438      46539
        250      30762      46788
        251      31072      47423
        252      31249      47047
        253      31445      47400
        254      31824      48451
        255      32099      48509
        256      32244      48508
        257      32504      49499
        258      32842      50014
        259      32997      49986
        260      33277      50462
        261      33573      50719
        262      33808      51171
        263      34113      51878
        264      34350      52227
        265      34603      52500
        266      34802      53259
        267      35196      53138
        268      35318      53651
        269      35602      54261
        270      35898      54561
        271      36241      54710
        272      36490      55273
        273      36778      55885
        274      37071      56116
        275      37329      56322
        276      37556      56854
        277      37889      57129
        278      38094      57461
        279      38327      58170
        280      38649      58816
        281      38980      58693
        282      39199      59589
        283      39509      59709
        284      39783      60499
        285      40069      60939
        286      40313      60870
        287      40614      61598
        288      40854      62060
        289      41139      62086
        290      41538      62816
        291      41747      63505
        292      42053      63630
        293      42316      63661
        294      42702      64260
        295      42828      64889
        296      43270      65631
        297      43447      65396
        298      43843      66133
        299      44106      66846
        300      44393      66714
