          1          0          0
          2          1          1
          3          3          3
          4          6          5
          5          9          7
          6         12          9
          7         16         12
          8         21         15
          9         26         18
         10         32         23
         11         35         24
         12         41         29
         13         43         30
         14         52         35
         15         56         39
         16         63         41
         17         68         45
         18         75         50
         19         81         54
         20         87         57
         21         93         62
         22         99         66
         23        106         70
         24        113         74
         25        120         81
         26        128         84
         27        131         87
         28        139         91
         29        147         96
         30        154        101
         31        156        102
         32        169        109
         33        176        116
         34        180        118
         35        193        126
         36        198        127
         37        204        133
         38        216        139
         39        218        141
         40        232        150
         41        233        151
         42        244        157
         43        254        165
         44        258        165
         45        271        174
         46        284        179
         47        290        184
         48        298        191
         49        298        190
         50        304        196
         51        332        211
         52        329        211
         53        331        214
         54        358        223
         55        353        222
         56        376        238
         57        375        236
         58        378        243
         59        382        241
         60        411        261
         61        417        262
         62        424        267
         63        426        273
         64        447        280
         65        448        283
         66        451        285
         67        468        293
         68        456        289
         69        486        307
         70        492        308
         71        507        317
         72        509        320
         73        523        328
         74        522        325
         75        539        336
         76        543        341
         77        561        352
         78        563        356
         79        578        363
         80        577        363
         81        592        373
         82        601        380
         83        626        395
         84        609        381
         85        638        398
         86        650        407
         87        641        397
         88        653        411
         89        679        426
         90        671        423
         91        693        431
         92        694        430
         93        722        447
         94        724        451
         95        731        463
         96        741        464
         97        758        467
         98        744        468
         99        784        484
        100        766        483
        101        790        489
        102        810        506
        103        827        519
        104        818        512
        105        821        519
        106        830        528
        107        840        530
        108        864        541
        109        886        541
        110        901        555
        111        915        570
        112        907        561
        113        917        572
        114        924        573
        115        922        579
        116        931        576
        117        943        588
        118        963        602
        119        994        616
        120        961        609
        121        970        609
        122       1000        629
        123       1028        639
        124       1019        636
        125       1033        649
        126       1049        662
        127       1048        648
        128       1092        673
        129       1073        675
        130       1089        675
        131       1090        678
        132       1095        685
        133       1132        696
        134       1164        715
        135       1156        722
        136       1145        719
        137       1182        738
        138       1159        723
        139       1187        740
        140       1221        751
        141       1179        736
        142       1214        745
        143       1233        757
        144       1217        766
        145       1264        784
        146       1244        776
        147       1272        791
        148       1283        795
        149       1297        803
        150       1286        802
        151       1333        820
        152       1335        823
        153       1304        809
        154       1331        836
        155       1374        849
        156       1356        836
        157       1404        862
        158       1386        852
        159       1390        863
        160       1417        875
        161       1461        896
        162       1407        879
        163       1448        895
        164       1466        895
        165       1467        898
        166       1498        932
        167       1480        925
        168       1538        955
        169       1530        949
        170       1525        941
        171       1525        945
        172       1545        947
        173       1548        966
        174       1590        981
        175       1612       1000
        176       1616        997
        177       1598        995
        178       1635        993
        179       1647       1010
        180       1666       1032
        181       1632       1017
        182       1643       1013
        183       1671       1032
        184       1685       1043
        185       1661       1035
        186       1688       1037
        187       1737       1069
        188       1729       1066
        189       1791       1094
        190       1739       1077
        191       1761       1083
        192       1778       1099
        193       1793       1115
        194       1831       1127
        195       1823       1122
        196       1803       1122
        197       1835       1136
        198       1862       1149
        199       1892       1160
        200       1827       1147
        201       1902       1171
        202       1907       1169
        203       1924       1176
        204       1894       1162
        205       1887       1172
        206       1927       1181
        207       1928       1199
        208       1952       1216
        209       1950       1207
        210       1971       1208
        211       2010       1232
        212       1993       1237
        213       2025       1246
        214       2021       1237
        215       2021       1246
        216       2004       1238
        217       2041       1261
        218       2053       1259
        219       2063       1265
        220       2074       1285
        221       2081       1295
        222       2116       1303
        223       2151       1321
        224       2128       1303
        225       2103       1299
        226       2156       1336
        227       2201       1363
        228       2208       1354
        229       2185       1354
        230       2264       1391
        231       2241       1381
        232       2227       1377
        233       2285       1399
        234       2256       1385
        235       2238       1398
        236       2302       1424
        237       2306       1425
        238       2284       1415
        239       2321       1433
        240       2367       1451
        241       2323       1429
        242       2405       1473
        243       2434       1465
        244       2356       1457
        245       2370       1450
        246       2415       1487
        247       2430       1495
        248       2431       1488
        249       2447       1519
        250       2438       1507
        251       2465       1508
        252       2478       1527
        253       2534       1549
        254       2532       1550
        255       2526       1547
        256       2508       1559
        257       2505       1540
        258       2561       1579
        259       2541       1560
        260       2580       1589
        261       2640       1609
        262       2573       1590
        263       2626       1616
        264       2608       1613
        265       2690       1653
        266       2612       1592
        267       2684       1657
        268       2676       1629
        269       2705       1663
        270       2722       1670
        271       2742       1688
        272       2717       1675
        273       2743       1680
        274       2738       1694
        275       2745       1697
        276       2762       1705
        277       2815       1730
        278       2829       1727
        279       2782       1713
        280       2876       1758
        281       2838       1756
        282       2840       1743
        283       2892       1762
        284       2885       1763
        285       2900       1773
        286       2913       1796
        287       2947       1808
        288       2918       1795
        289       2944       1818
        290       2984       1830
        291       2996       1836
        292       2944       1809
        293       3030       1840
        294       2970       1810
        295       3053       1857
        296       3046       1851
        297       3017       1863
        298       3013       1857
        299       3079       1867
        300       3181       1945
