          1          0          0
          2          1          2
          3          2          4
          4          4          7
          5          6         10
          6         10         15
          7         13         19
          8         17         24
          9         22         30
         10         26         35
         11         32         42
         12         37         48
         13         44         56
         14         51         64
         15         59         73
         16         66         81
         17         76         92
         18         86        103
         19         94        112
         20        103        122
         21        113        133
         22        127        148
         23        139        161
         24        152        175
         25        162        186
         26        171        196
         27        188        214
         28        201        228
         29        219        247
         30        235        264
         31        249        279
         32        257        288
         33        281        313
         34        295        328
         35        312        346
         36        339        374
         37        350        386
         38        362        399
         39        398        436
         40        406        445
         41        434        474
         42        448        489
         43        473        515
         44        493        536
         45        526        570
         46        541        586
         47        569        615
         48        585        632
         49        616        664
         50        632        681
         51        670        720
         52        691        742
         53        723        775
         54        738        791
         55        782        836
         56        801        856
         57        828        884
         58        849        906
         59        870        928
         60        929        988
         61        936        996
         62        955       1016
         63       1005       1067
         64       1050       1113
         65       1067       1131
         66       1103       1168
         67       1138       1204
         68       1181       1248
         69       1209       1277
         70       1240       1309
         71       1265       1335
         72       1316       1387
         73       1346       1418
         74       1392       1465
         75       1417       1491
         76       1451       1526
         77       1523       1599
         78       1531       1608
         79       1581       1659
         80       1622       1701
         81       1640       1720
         82       1716       1797
         83       1725       1807
         84       1783       1866
         85       1850       1934
         86       1854       1939
         87       1919       2005
         88       1946       2033
         89       1997       2085
         90       2045       2134
         91       2100       2190
         92       2137       2228
         93       2207       2299
         94       2234       2327
         95       2270       2364
         96       2318       2413
         97       2372       2468
         98       2401       2498
         99       2510       2608
        100       2519       2618
        101       2580       2680
        102       2633       2734
        103       2705       2807
        104       2746       2849
        105       2807       2911
        106       2843       2948
        107       2885       2991
        108       2950       3057
        109       2975       3083
        110       3057       3166
        111       3115       3225
        112       3126       3237
        113       3224       3336
        114       3278       3391
        115       3318       3432
        116       3401       3516
        117       3438       3554
        118       3533       3650
        119       3589       3707
        120       3626       3745
        121       3666       3786
        122       3769       3890
        123       3810       3932
        124       3901       4024
        125       3932       4056
        126       3984       4109
        127       4051       4177
        128       4103       4230
        129       4200       4328
        130       4289       4418
        131       4310       4440
        132       4369       4500
        133       4433       4565
        134       4542       4675
        135       4591       4725
        136       4647       4782
        137       4759       4895
        138       4804       4941
        139       4878       5016
        140       4903       5042
        141       5012       5152
        142       5048       5189
        143       5159       5301
        144       5207       5350
        145       5289       5433
        146       5397       5542
        147       5467       5613
        148       5506       5653
        149       5567       5715
        150       5644       5793
        151       5760       5910
        152       5849       6000
        153       5928       6080
        154       5966       6119
        155       6067       6221
        156       6130       6285
        157       6210       6366
        158       6279       6436
        159       6298       6456
        160       6442       6601
        161       6587       6747
        162       6587       6748
        163       6672       6834
        164       6721       6884
        165       6825       6989
        166       6934       7099
        167       7015       7181
        168       7091       7258
        169       7176       7344
        170       7316       7485
        171       7357       7527
        172       7440       7611
        173       7539       7711
        174       7652       7825
        175       7655       7829
        176       7764       7939
        177       7825       8001
        178       7963       8140
        179       8082       8260
        180       8133       8312
        181       8235       8415
        182       8386       8567
        183       8503       8685
        184       8517       8700
        185       8628       8812
        186       8665       8850
        187       8767       8953
        188       8847       9034
        189       8958       9146
        190       9048       9237
        191       9167       9357
        192       9157       9348
        193       9322       9514
        194       9442       9635
        195       9559       9753
        196       9641       9836
        197       9772       9968
        198       9880      10077
        199       9911      10109
        200      10005      10204
        201      10229      10429
        202      10184      10385
        203      10333      10535
        204      10406      10609
        205      10523      10727
        206      10655      10860
        207      10746      10952
        208      10879      11086
        209      10938      11146
        210      11052      11261
        211      11202      11412
        212      11349      11560
        213      11387      11599
        214      11477      11690
        215      11609      11823
        216      11655      11870
        217      11815      12031
        218      11959      12176
        219      12060      12278
        220      12216      12435
        221      12214      12434
        222      12407      12628
        223      12539      12761
        224      12607      12830
        225      12643      12867
        226      12892      13117
        227      12999      13225
        228      12971      13198
        229      13136      13364
        230      13300      13529
        231      13216      13446
        232      13490      13721
        233      13703      13935
        234      13694      13927
        235      13782      14016
        236      14051      14286
        237      14185      14421
        238      14198      14435
        239      14241      14479
        240      14432      14671
        241      14618      14858
        242      14642      14883
        243      14814      15056
        244      14962      15205
        245      15088      15332
        246      15154      15399
        247      15336      15582
        248      15427      15674
        249      15605      15853
        250      15660      15909
        251      15770      16020
        252      15916      16167
        253      16062      16314
        254      16195      16448
        255      16295      16549
        256      16445      16700
        257      16528      16784
        258      16809      17066
        259      16878      17136
        260      16996      17255
        261      17162      17422
        262      17197      17458
        263      17422      17684
        264      17457      17720
        265      17565      17829
        266      17636      17901
        267      17739      18005
        268      18197      18464
        269      18093      18361
        270      18236      18505
        271      18547      18817
        272      18498      18769
        273      18651      18923
        274      18763      19036
        275      18908      19182
        276      19202      19477
        277      19204      19480
        278      19314      19591
        279      19508      19786
        280      19582      19861
        281      19790      20070
        282      20000      20281
        283      20017      20299
        284      20287      20570
        285      20400      20684
        286      20495      20780
        287      20617      20903
        288      20831      21118
        289      21044      21332
        290      20946      21235
        291      21138      21428
        292      21344      21635
        293      21415      21707
        294      21687      21980
        295      21912      22206
        296      21899      22194
        297      22215      22511
        298      22324      22621
        299      22417      22715
        300      22681      22980
