          1          0          0
          2          3          1
          3          7          4
          4         16          7
          5         24         10
          6         30         17
          7         39         21
          8         60         23
          9         72         30
         10         79         34
         11         93         40
         12        103         53
         13        116         59
         14        125         68
         15        136         71
         16        185         80
         17        202         87
         18        210         89
         19        227         96
         20        239        109
         21        254        113
         22        267        123
         23        283        130
         24        313        171
         25        325        171
         26        333        172
         27        350        181
         28        360        191
         29        377        196
         30        384        197
         31        402        208
         32        519        244
         33        538        251
         34        541        242
         35        567        257
         36        572        255
         37        590        261
         38        608        277
         39        627        282
         40        660        318
         41        679        325
         42        679        313
         43        705        330
         44        718        338
         45        738        345
         46        755        358
         47        772        362
         48        862        492
         49        892        511
         50        881        483
         51        910        507
         52        887        460
         53        917        485
         54        923        479
         55        942        486
         56        973        522
         57        995        531
         58        993        517
         59       1020        537
         60       1029        537
         61       1053        550
         62       1060        554
         63       1080        557
         64       1394        741
         65       1409        737
         66       1382        682
         67       1414        702
         68       1389        649
         69       1422        672
         70       1429        666
         71       1456        679
         72       1482        701
         73       1512        720
         74       1509        700
         75       1533        709
         76       1549        721
         77       1579        738
         78       1594        742
         79       1618        751
         80       1737        914
         81       1770        938
         82       1740        882
         83       1756        877
         84       1757        860
         85       1781        868
         86       1786        865
         87       1814        880
         88       1867        939
         89       1887        941
         90       1880        922
         91       1905        932
         92       1928        947
         93       1948        949
         94       1968        968
         95       1993        979
         96       2298       1421
         97       2331       1445
         98       2282       1358
         99       2292       1344
        100       2232       1238
        101       2263       1256
        102       2255       1235
        103       2273       1235
        104       2295       1247
        105       2307       1238
        106       2300       1217
        107       2353       1269
        108       2343       1236
        109       2377       1257
        110       2394       1273
        111       2408       1264
        112       2511       1401
        113       2564       1453
        114       2536       1401
        115       2553       1401
        116       2545       1371
        117       2575       1386
        118       2567       1364
        119       2596       1384
        120       2652       1439
        121       2684       1463
        122       2661       1421
        123       2689       1434
        124       2703       1440
        125       2745       1473
        126       2748       1466
        127       2769       1472
        128       3630       2175
        129       3637       2154
        130       3508       1952
        131       3570       2009
        132       3424       1766
        133       3463       1794
        134       3458       1774
        135       3489       1793
        136       3480       1745
        137       3501       1749
        138       3488       1716
        139       3510       1716
        140       3531       1724
        141       3559       1736
        142       3570       1736
        143       3587       1733
        144       3737       1925
        145       3779       1955
        146       3723       1863
        147       3771       1903
        148       3730       1814
        149       3771       1848
        150       3770       1829
        151       3789       1829
        152       3872       1923
        153       3899       1932
        154       3901       1921
        155       3907       1900
        156       3948       1935
        157       3961       1928
        158       3971       1932
        159       3999       1938
        160       4437       2562
        161       4489       2614
        162       4366       2417
        163       4399       2434
        164       4308       2275
        165       4341       2293
        166       4314       2240
        167       4356       2273
        168       4389       2290
        169       4406       2289
        170       4385       2243
        171       4410       2251
        172       4394       2203
        173       4438       2237
        174       4432       2217
        175       4478       2249
        176       4688       2529
        177       4708       2532
        178       4652       2444
        179       4681       2455
        180       4658       2392
        181       4698       2419
        182       4666       2364
        183       4702       2380
        184       4789       2478
        185       4824       2503
        186       4800       2458
        187       4847       2495
        188       4843       2468
        189       4880       2488
        190       4845       2421
        191       4904       2487
        192       6081       4215
        193       6182       4335
        194       5847       3823
        195       6023       4059
        196       5594       3388
        197       5656       3453
        198       5614       3378
        199       5629       3373
        200       5502       3146
        201       5540       3168
        202       5522       3137
        203       5574       3188
        204       5529       3088
        205       5579       3135
        206       5569       3106
        207       5599       3122
        208       5725       3273
        209       5749       3275
        210       5664       3144
        211       5707       3176
        212       5688       3125
        213       5729       3154
        214       5716       3123
        215       5730       3117
        216       5827       3218
        217       5836       3204
        218       5817       3172
        219       5848       3185
        220       5855       3168
        221       5902       3207
        222       5872       3153
        223       5890       3154
        224       6481       3997
        225       6496       3986
        226       6351       3764
        227       6344       3724
        228       6243       3547
        229       6263       3547
        230       6249       3513
        231       6282       3537
        232       6301       3523
        233       6342       3553
        234       6274       3448
        235       6318       3482
        236       6349       3503
        237       6358       3485
        238       6348       3468
        239       6374       3474
        240       6617       3791
        241       6690       3869
        242       6590       3716
        243       6596       3691
        244       6548       3597
        245       6596       3632
        246       6602       3634
        247       6662       3702
        248       6693       3699
        249       6761       3773
        250       6740       3740
        251       6749       3720
        252       6785       3740
        253       6786       3718
        254       6763       3680
        255       6812       3723
        256       9294       6253
        257       9470       6487
        258       8845       5540
        259       8869       5543
        260       8485       4936
        261       8481       4895
        262       8440       4822
        263       8517       4900
        264       8282       4502
        265       8317       4515
        266       8220       4366
        267       8303       4454
        268       8258       4355
        269       8326       4421
        270       8279       4345
        271       8359       4430
        272       8422       4466
        273       8500       4546
        274       8402       4398
        275       8422       4385
        276       8383       4301
        277       8413       4312
        278       8402       4280
        279       8432       4295
        280       8508       4359
        281       8572       4416
        282       8518       4339
        283       8562       4367
        284       8586       4369
        285       8642       4420
        286       8577       4315
        287       8614       4331
        288       9319       5331
        289       9296       5259
        290       9084       4939
        291       9156       5011
        292       9006       4754
        293       9073       4815
        294       9006       4712
        295       9011       4682
        296       9044       4683
        297       9103       4735
        298       9063       4674
        299       9074       4656
        300       9080       4626
